{
 "cells": [
  {
   "cell_type": "code",
   "execution_count": 27,
   "metadata": {},
   "outputs": [],
   "source": [
    "using Plots\n",
    "using LinearAlgebra\n",
    "using SpecialFunctions"
   ]
  },
  {
   "cell_type": "code",
   "execution_count": 132,
   "metadata": {},
   "outputs": [
    {
     "data": {
      "text/plain": [
       "exchange_integral (generic function with 3 methods)"
      ]
     },
     "execution_count": 132,
     "metadata": {},
     "output_type": "execute_result"
    }
   ],
   "source": [
    "#exponents = [3.425250914, 0.6239137298, 0.1688554040]\n",
    "\n",
    "\n",
    "# Helpful structs\n",
    "struct Gaussian\n",
    "    exponent::Number\n",
    "    center::AbstractArray{<:Number, 1}\n",
    "end\n",
    "\n",
    "struct Atom\n",
    "    charge::Number\n",
    "    position::AbstractArray{<:Number, 1}\n",
    "end\n",
    "#############\n",
    "\n",
    "# Integral functions\n",
    "function overlap_integral(A::T, B::T) where T<:Gaussian\n",
    "    α = A.exponent\n",
    "    β = B.exponent\n",
    "    R_A = A.center\n",
    "    R_B = B.center\n",
    "    \n",
    "    return (4*α*β / (α + β) ^ 2) ^ (3/4) * exp(-α*β / (α + β) * norm(R_A - R_B)^2)\n",
    "end\n",
    "\n",
    "\n",
    "function kinetic_integral(A::T, B::T) where T<:Gaussian\n",
    "    α = A.exponent\n",
    "    β = B.exponent\n",
    "    R_A = A.center\n",
    "    R_B = B.center\n",
    "    \n",
    "    a = α * β / (α + β)\n",
    "    \n",
    "    return overlap_integral(A, B) * a * (3 - 2 * a * norm(R_A - R_B)^2)\n",
    "end\n",
    "\n",
    "function kinetic_integral(arr::Tuple{T, T}) where T <: Gaussian\n",
    "    return kinetic_integral(arr[1], arr[2])\n",
    "end\n",
    "\n",
    "\n",
    "function core_potential_integral(A::T, B::T, C::Atom) where T<:Gaussian\n",
    "    α = A.exponent\n",
    "    β = B.exponent\n",
    "    R_A = A.center\n",
    "    R_B = B.center\n",
    "    R_C = C.position\n",
    "    Z = C.charge\n",
    "        \n",
    "    b = sqrt(α + β)\n",
    "    \n",
    "    R_P = (α * R_A + β * R_B) / (α + β)\n",
    "    \n",
    "    if R_P == R_C\n",
    "        return -overlap_integral(A, B) * Z * 2 * b / sqrt(π)\n",
    "    else\n",
    "        return -overlap_integral(A, B) * Z / norm(R_P - R_C) * erf(b * norm(R_P - R_C))\n",
    "    end\n",
    "end\n",
    "\n",
    "function core_potential_integral(A::T, B::T, atoms::AbstractArray{Atom,1}) where T<:Gaussian\n",
    "    return sum(core_potential_integral(A, B, a) for a in atoms)\n",
    "end\n",
    "\n",
    "function core_potential_integral(arr::Tuple{T, T}, atoms::AbstractArray{Atom,1}) where T<:Gaussian\n",
    "    return core_potential_integral(arr[1], arr[2], atoms)\n",
    "end\n",
    "\n",
    "\n",
    "function electron_electron_potential(A::T, B::T, C::T, D::T) where T<:Gaussian\n",
    "    α = A.exponent\n",
    "    β = B.exponent\n",
    "    γ = C.exponent\n",
    "    δ = D.exponent\n",
    "    \n",
    "    R_A = A.center\n",
    "    R_B = B.center\n",
    "    R_C = C.center\n",
    "    R_D = D.center\n",
    "    \n",
    "    R_P = (α * R_A + β * R_B) / (α + β)\n",
    "    R_Q = (γ * R_C + δ * R_D) / (γ + δ)\n",
    "    \n",
    "    c = sqrt((α + β) * (γ + δ) / (α + β + γ + δ))\n",
    "    \n",
    "    if R_P == R_Q \n",
    "        return overlap_integral(A, B) * overlap_integral(C, D) * 2 * c / sqrt(π)\n",
    "    else\n",
    "        return overlap_integral(A, B) * overlap_integral(C, D) / norm(R_P - R_Q) * erf(c * norm(R_P - R_Q))\n",
    "    end\n",
    "end\n",
    "\n",
    "function electron_electron_potential(arr::NTuple{4, Gaussian})\n",
    "    return electron_electron_potential(arr[1], arr[2], arr[3], arr[4])\n",
    "end\n",
    "\n",
    "\n",
    "function exchange_integral(A::T, B::T, C::T, D::T) where T<:Gaussian\n",
    "    return electron_electron_potential(A, C, B, D)\n",
    "end\n",
    "\n",
    "function exchange_integral(arr::NTuple{4, Gaussian})  \n",
    "    return exchange_integral(arr[1], arr[2], arr[3], arr[4])\n",
    "end\n",
    "\n",
    "#################"
   ]
  },
  {
   "cell_type": "code",
   "execution_count": 107,
   "metadata": {
    "jupyter": {
     "source_hidden": true
    }
   },
   "outputs": [],
   "source": [
    "# Reading molecular info from file\n",
    "positions = []\n",
    "exponents = []\n",
    "open(\"mols.txt\", \"r\") do mol_file\n",
    "    while !eof(mol_file)\n",
    "        line = readline(mol_file)\n",
    "        if line == \"COORDINATES:\"\n",
    "            while line != \"===\"\n",
    "                line = readline(mol_file)\n",
    "                if line == \"===\"\n",
    "                    break\n",
    "                end\n",
    "                push!(positions, map(x->parse(Float64, x), split(line))) \n",
    "            end\n",
    "        end\n",
    "        if line == \"EXPONENTS:\"\n",
    "            while line != \"===\"\n",
    "                line = readline(mol_file)\n",
    "                if line == \"===\"\n",
    "                    break\n",
    "                end\n",
    "                push!(exponents, tryparse(Float64, line)) \n",
    "            end\n",
    "        end\n",
    "    end\n",
    "end\n",
    "\n",
    "atoms = Array{Atom}(undef, 3)\n",
    "gaussians = Array{Gaussian}(undef, 6)\n",
    "\n",
    "n = 1\n",
    "for e in exponents\n",
    "    for p in positions\n",
    "        if n <= 3\n",
    "            atoms[n] = Atom(1, p)\n",
    "        end\n",
    "        gaussians[n] = Gaussian(e, p)\n",
    "        n += 1\n",
    "    end\n",
    "end"
   ]
  },
  {
   "cell_type": "code",
   "execution_count": 133,
   "metadata": {},
   "outputs": [
    {
     "data": {
      "text/plain": [
       "6×6×6×6 Array{Float64,4}:\n",
       "[:, :, 1, 1] =\n",
       " 0.272414   0.207666  0.158494    0.204666    0.117328    0.0686972\n",
       " 0.207666   0.299894  0.23025     0.12111     0.223451    0.133351\n",
       " 0.158494   0.23025   0.306772    0.0688829   0.141459    0.220704\n",
       " 0.204666   0.12111   0.0688829   0.527787    0.0906399  -0.00170208\n",
       " 0.117328   0.223451  0.141459    0.0906399   0.477303    0.103127\n",
       " 0.0686972  0.133351  0.220704   -0.00170208  0.103127    0.425029\n",
       "\n",
       "[:, :, 2, 1] =\n",
       " 0.207666   0.170895   0.130276    0.152929   0.106028   0.061011\n",
       " 0.106396   0.207666   0.158494    0.0473168  0.168839   0.098077\n",
       " 0.0802896  0.158494   0.23025     0.0176097  0.102409   0.177759\n",
       " 0.168839   0.106028   0.0626524   0.406122   0.0859635  0.00427382\n",
       " 0.0473168  0.152929   0.090233    0.0320752  0.406122   0.0744841\n",
       " 0.0248412  0.0883408  0.169418   -0.0268586  0.0744841  0.36614\n",
       "\n",
       "[:, :, 3, 1] =\n",
       "  0.158494    0.130276   0.107209    0.114585   0.0793328  0.0549649\n",
       "  0.0802896   0.158494   0.130276    0.03429    0.126761   0.087673\n",
       "  0.00742757  0.0802896  0.158494   -0.0279048  0.0482696  0.137436\n",
       "  0.137436    0.087673   0.0549649   0.312337   0.0688504  0.00764969\n",
       "  0.0482696   0.126761   0.0793328   0.0327719  0.312337   0.0688504\n",
       " -0.0279048   0.03429    0.114585   -0.058249   0.0327719  0.312337\n",
       "\n",
       "[:, :, 4, 1] =\n",
       " 0.204666     0.152929    0.114585   0.182121   0.0890312    0.0473275\n",
       " 0.168839     0.223451    0.169418   0.121167   0.173564     0.0963978\n",
       " 0.137436     0.177759    0.220704   0.0806222  0.116021     0.156586\n",
       " 0.00928841  -0.0213108  -0.0352354  0.337033   0.00239071  -0.0425013\n",
       " 0.0882268    0.163476    0.103528   0.078158   0.351048     0.0740811\n",
       " 0.0718423    0.111327    0.165156   0.0184697  0.0873461    0.291912\n",
       "\n",
       "[:, :, 5, 1] =\n",
       "  0.117328     0.106028    0.0793328   0.0890312   0.0825199  0.0403404\n",
       "  0.0473168    0.12111     0.090233    0.0118994   0.121167   0.0594149\n",
       "  0.0482696    0.102409    0.141459    0.00778541  0.0806222  0.116021\n",
       "  0.0882268    0.0556998   0.0313706   0.229692    0.0567272  1.49924e-5\n",
       " -0.114872    -0.0213108  -0.0352354  -0.0904332   0.223558   0.00129559\n",
       "  0.00894688   0.0518803   0.103528   -0.0237531   0.0519371  0.234457\n",
       "\n",
       "[:, :, 6, 1] =\n",
       "  0.0686972    0.061011    0.0549649   0.0473275    0.0403404   0.0373901\n",
       "  0.0248412    0.0688683   0.0626524   0.00300057   0.0594149   0.0549012\n",
       " -0.0279048    0.0176097   0.0688829  -0.0411097    0.00778541  0.0806222\n",
       "  0.0718423    0.0490626   0.0333586   0.140412     0.0398099   0.00959326\n",
       "  0.00894688   0.0518803   0.0313706   0.00277687   0.15322     0.037662\n",
       " -0.156429    -0.100718   -0.0352354  -0.131566    -0.0607357   0.148315\n",
       "\n",
       "[:, :, 1, 2] =\n",
       " 0.207666  0.106396   0.0802896  0.168839    0.0473168   0.0248412\n",
       " 0.170895  0.207666   0.158494   0.106028    0.152929    0.0883408\n",
       " 0.130276  0.158494   0.23025    0.0626524   0.090233    0.169418\n",
       " 0.152929  0.0473168  0.0176097  0.406122    0.0320752  -0.0268586\n",
       " 0.106028  0.168839   0.102409   0.0859635   0.406122    0.0744841\n",
       " 0.061011  0.098077   0.177759   0.00427382  0.0744841   0.36614\n",
       "\n",
       "[:, :, 2, 2] =\n",
       " 0.299894   0.207666  0.158494    0.223451    0.12111     0.0688683\n",
       " 0.207666   0.272414  0.207666    0.117328    0.204666    0.117328\n",
       " 0.158494   0.207666  0.299894    0.0688683   0.12111     0.223451\n",
       " 0.223451   0.117328  0.0688683   0.477303    0.0906399  -0.00170208\n",
       " 0.12111    0.204666  0.12111     0.0906399   0.527787    0.0906399\n",
       " 0.0688683  0.117328  0.223451   -0.00170208  0.0906399   0.477303\n",
       "\n",
       "[:, :, 3, 2] =\n",
       " 0.23025    0.158494   0.130276   0.169418   0.090233   0.0626524\n",
       " 0.158494   0.207666   0.170895   0.0883408  0.152929   0.106028\n",
       " 0.0802896  0.106396   0.207666   0.0248412  0.0473168  0.168839\n",
       " 0.177759   0.098077   0.061011   0.36614    0.0744841  0.00427382\n",
       " 0.102409   0.168839   0.106028   0.0744841  0.406122   0.0859635\n",
       " 0.0176097  0.0473168  0.152929  -0.0268586  0.0320752  0.406122\n",
       "\n",
       "[:, :, 4, 2] =\n",
       "  0.12111     0.0473168   0.03429    0.121167    0.0118994   0.00300057\n",
       "  0.106028    0.117328    0.0883408  0.0825199   0.0890312   0.0473275\n",
       "  0.087673    0.098077    0.133351   0.0549012   0.0594149   0.0963978\n",
       " -0.0213108  -0.114872   -0.100718   0.223558   -0.0904332  -0.082359\n",
       "  0.0556998   0.0882268   0.0518803  0.0567272   0.229692    0.0374604\n",
       "  0.0490626   0.0718423   0.111327   0.01328     0.0564512   0.204558\n",
       "\n",
       "[:, :, 5, 2] =\n",
       "  0.223451   0.168839     0.126761    0.173564     0.121167   0.0594149\n",
       "  0.152929   0.204666     0.152929    0.0890312    0.182121   0.0890312\n",
       "  0.126761   0.168839     0.223451    0.0594149    0.121167   0.173564\n",
       "  0.163476   0.0882268    0.0518803   0.351048     0.078158  -0.000521023\n",
       " -0.0213108  0.00928841  -0.0213108   0.00239071   0.337033   0.00239071\n",
       "  0.0518803  0.0882268    0.163476   -0.000521023  0.078158   0.351048\n",
       "\n",
       "[:, :, 6, 2] =\n",
       "  0.133351    0.098077    0.087673    0.0963978    0.0594149  0.0549012\n",
       "  0.0883408   0.117328    0.106028    0.0473275    0.0890312  0.0825199\n",
       "  0.03429     0.0473168   0.12111     0.00300057   0.0118994  0.121167\n",
       "  0.111327    0.0718423   0.0490626   0.204558     0.0564512  0.01328\n",
       "  0.0518803   0.0882268   0.0556998   0.0374604    0.229692   0.0567272\n",
       " -0.100718   -0.114872   -0.0213108  -0.082359    -0.0904332  0.223558\n",
       "\n",
       "[:, :, 1, 3] =\n",
       " 0.158494   0.0802896   0.00742757  0.137436    0.0482696  -0.0279048\n",
       " 0.130276   0.158494    0.0802896   0.087673    0.126761    0.03429\n",
       " 0.107209   0.130276    0.158494    0.0549649   0.0793328   0.114585\n",
       " 0.114585   0.03429    -0.0279048   0.312337    0.0327719  -0.058249\n",
       " 0.0793328  0.126761    0.0482696   0.0688504   0.312337    0.0327719\n",
       " 0.0549649  0.087673    0.137436    0.00764969  0.0688504   0.312337\n",
       "\n",
       "[:, :, 2, 3] =\n",
       " 0.23025    0.158494   0.0802896  0.177759    0.102409    0.0176097\n",
       " 0.158494   0.207666   0.106396   0.098077    0.168839    0.0473168\n",
       " 0.130276   0.170895   0.207666   0.061011    0.106028    0.152929\n",
       " 0.169418   0.0883408  0.0248412  0.36614     0.0744841  -0.0268586\n",
       " 0.090233   0.152929   0.0473168  0.0744841   0.406122    0.0320752\n",
       " 0.0626524  0.106028   0.168839   0.00427382  0.0859635   0.406122\n",
       "\n",
       "[:, :, 3, 3] =\n",
       " 0.306772   0.23025   0.158494    0.220704    0.141459    0.0688829\n",
       " 0.23025    0.299894  0.207666    0.133351    0.223451    0.12111\n",
       " 0.158494   0.207666  0.272414    0.0686972   0.117328    0.204666\n",
       " 0.220704   0.133351  0.0686972   0.425029    0.103127   -0.00170208\n",
       " 0.141459   0.223451  0.117328    0.103127    0.477303    0.0906399\n",
       " 0.0688829  0.12111   0.204666   -0.00170208  0.0906399   0.527787\n",
       "\n",
       "[:, :, 4, 3] =\n",
       "  0.0688829   0.0176097  -0.0279048   0.0806222    0.00778541  -0.0411097\n",
       "  0.0626524   0.0688683   0.0248412   0.0549012    0.0594149    0.00300057\n",
       "  0.0549649   0.061011    0.0686972   0.0373901    0.0403404    0.0473275\n",
       " -0.0352354  -0.100718   -0.156429    0.148315    -0.0607357   -0.131566\n",
       "  0.0313706   0.0518803   0.00894688  0.037662     0.15322      0.00277687\n",
       "  0.0333586   0.0490626   0.0718423   0.00959326   0.0398099    0.140412\n",
       "\n",
       "[:, :, 5, 3] =\n",
       "  0.141459    0.102409    0.0482696   0.116021    0.0806222   0.00778541\n",
       "  0.090233    0.12111     0.0473168   0.0594149   0.121167    0.0118994\n",
       "  0.0793328   0.106028    0.117328    0.0403404   0.0825199   0.0890312\n",
       "  0.103528    0.0518803   0.00894688  0.234457    0.0519371  -0.0237531\n",
       " -0.0352354  -0.0213108  -0.114872    0.00129559  0.223558   -0.0904332\n",
       "  0.0313706   0.0556998   0.0882268   1.49924e-5  0.0567272   0.229692\n",
       "\n",
       "[:, :, 6, 3] =\n",
       "  0.220704    0.177759   0.137436     0.156586   0.116021    0.0806222\n",
       "  0.169418    0.223451   0.168839     0.0963978  0.173564    0.121167\n",
       "  0.114585    0.152929   0.204666     0.0473275  0.0890312   0.182121\n",
       "  0.165156    0.111327   0.0718423    0.291912   0.0873461   0.0184697\n",
       "  0.103528    0.163476   0.0882268    0.0740811  0.351048    0.078158\n",
       " -0.0352354  -0.0213108  0.00928841  -0.0425013  0.00239071  0.337033\n",
       "\n",
       "[:, :, 1, 4] =\n",
       " 0.204666   0.168839   0.137436    0.00928841  0.0882268  0.0718423\n",
       " 0.152929   0.223451   0.177759   -0.0213108   0.163476   0.111327\n",
       " 0.114585   0.169418   0.220704   -0.0352354   0.103528   0.165156\n",
       " 0.182121   0.121167   0.0806222   0.337033    0.078158   0.0184697\n",
       " 0.0890312  0.173564   0.116021    0.00239071  0.351048   0.0873461\n",
       " 0.0473275  0.0963978  0.156586   -0.0425013   0.0740811  0.291912\n",
       "\n",
       "[:, :, 2, 4] =\n",
       " 0.12111     0.106028   0.087673   -0.0213108  0.0556998  0.0490626\n",
       " 0.0473168   0.117328   0.098077   -0.114872   0.0882268  0.0718423\n",
       " 0.03429     0.0883408  0.133351   -0.100718   0.0518803  0.111327\n",
       " 0.121167    0.0825199  0.0549012   0.223558   0.0567272  0.01328\n",
       " 0.0118994   0.0890312  0.0594149  -0.0904332  0.229692   0.0564512\n",
       " 0.00300057  0.0473275  0.0963978  -0.082359   0.0374604  0.204558\n",
       "\n",
       "[:, :, 3, 4] =\n",
       "  0.0688829   0.0626524   0.0549649  -0.0352354  0.0313706   0.0333586\n",
       "  0.0176097   0.0688683   0.061011   -0.100718   0.0518803   0.0490626\n",
       " -0.0279048   0.0248412   0.0686972  -0.156429   0.00894688  0.0718423\n",
       "  0.0806222   0.0549012   0.0373901   0.148315   0.037662    0.00959326\n",
       "  0.00778541  0.0594149   0.0403404  -0.0607357  0.15322     0.0398099\n",
       " -0.0411097   0.00300057  0.0473275  -0.131566   0.00277687  0.140412\n",
       "\n",
       "[:, :, 4, 4] =\n",
       " 0.527787  0.406122  0.312337  0.337033   0.229692  0.140412\n",
       " 0.406122  0.477303  0.36614   0.223558   0.351048  0.204558\n",
       " 0.312337  0.36614   0.425029  0.148315   0.234457  0.291912\n",
       " 0.337033  0.223558  0.148315  0.645685   0.142663  0.0325748\n",
       " 0.229692  0.351048  0.234457  0.142663   0.644459  0.158508\n",
       " 0.140412  0.204558  0.291912  0.0325748  0.158508  0.49597\n",
       "\n",
       "[:, :, 5, 4] =\n",
       "  0.0906399   0.0859635   0.0688504    0.00239071  0.0567272  0.0398099\n",
       "  0.0320752   0.0906399   0.0744841   -0.0904332   0.078158   0.0564512\n",
       "  0.0327719   0.0744841   0.103127    -0.0607357   0.0519371  0.0873461\n",
       "  0.078158    0.0567272   0.037662     0.142663    0.0470305  0.0103913\n",
       " -0.0904332   0.00239071  0.00129559  -0.251684    0.142663   0.0325748\n",
       "  0.00277687  0.0374604   0.0740811   -0.0636669   0.0325748  0.158508\n",
       "\n",
       "[:, :, 6, 4] =\n",
       " -0.00170208   0.00427382    0.00764969  -0.0425013   1.49924e-5   0.00959326\n",
       " -0.0268586   -0.00170208    0.00427382  -0.082359   -0.000521023  0.01328\n",
       " -0.058249    -0.0268586    -0.00170208  -0.131566   -0.0237531    0.0184697\n",
       "  0.0184697    0.01328       0.00959326   0.0325748   0.0103913    0.00342562\n",
       " -0.0237531   -0.000521023   1.49924e-5  -0.0636669   0.0325748    0.0103913\n",
       " -0.131566    -0.082359     -0.0425013   -0.242847   -0.0636669    0.0325748\n",
       "\n",
       "[:, :, 1, 5] =\n",
       " 0.117328   0.0473168  0.0482696   0.0882268   -0.114872     0.00894688\n",
       " 0.106028   0.12111    0.102409    0.0556998   -0.0213108    0.0518803\n",
       " 0.0793328  0.090233   0.141459    0.0313706   -0.0352354    0.103528\n",
       " 0.0890312  0.0118994  0.00778541  0.229692    -0.0904332   -0.0237531\n",
       " 0.0825199  0.121167   0.0806222   0.0567272    0.223558     0.0519371\n",
       " 0.0403404  0.0594149  0.116021    1.49924e-5   0.00129559   0.234457\n",
       "\n",
       "[:, :, 2, 5] =\n",
       " 0.223451   0.152929   0.126761    0.163476     -0.0213108    0.0518803\n",
       " 0.168839   0.204666   0.168839    0.0882268     0.00928841   0.0882268\n",
       " 0.126761   0.152929   0.223451    0.0518803    -0.0213108    0.163476\n",
       " 0.173564   0.0890312  0.0594149   0.351048      0.00239071  -0.000521023\n",
       " 0.121167   0.182121   0.121167    0.078158      0.337033     0.078158\n",
       " 0.0594149  0.0890312  0.173564   -0.000521023   0.00239071   0.351048\n",
       "\n",
       "[:, :, 3, 5] =\n",
       " 0.141459    0.090233   0.0793328   0.103528    -0.0352354   0.0313706\n",
       " 0.102409    0.12111    0.106028    0.0518803   -0.0213108   0.0556998\n",
       " 0.0482696   0.0473168  0.117328    0.00894688  -0.114872    0.0882268\n",
       " 0.116021    0.0594149  0.0403404   0.234457     0.00129559  1.49924e-5\n",
       " 0.0806222   0.121167   0.0825199   0.0519371    0.223558    0.0567272\n",
       " 0.00778541  0.0118994  0.0890312  -0.0237531   -0.0904332   0.229692\n",
       "\n",
       "[:, :, 4, 5] =\n",
       " 0.0906399    0.0320752   0.0327719  0.078158   -0.0904332    0.00277687\n",
       " 0.0859635    0.0906399   0.0744841  0.0567272   0.00239071   0.0374604\n",
       " 0.0688504    0.0744841   0.103127   0.037662    0.00129559   0.0740811\n",
       " 0.00239071  -0.0904332  -0.0607357  0.142663   -0.251684    -0.0636669\n",
       " 0.0567272    0.078158    0.0519371  0.0470305   0.142663     0.0325748\n",
       " 0.0398099    0.0564512   0.0873461  0.0103913   0.0325748    0.158508\n",
       "\n",
       "[:, :, 5, 5] =\n",
       " 0.477303  0.406122  0.312337  0.351048   0.223558  0.15322\n",
       " 0.406122  0.527787  0.406122  0.229692   0.337033  0.229692\n",
       " 0.312337  0.406122  0.477303  0.15322    0.223558  0.351048\n",
       " 0.351048  0.229692  0.15322   0.644459   0.142663  0.0325748\n",
       " 0.223558  0.337033  0.223558  0.142663   0.645685  0.142663\n",
       " 0.15322   0.229692  0.351048  0.0325748  0.142663  0.644459\n",
       "\n",
       "[:, :, 6, 5] =\n",
       "  0.103127    0.0744841  0.0688504    0.0740811    0.00129559  0.037662\n",
       "  0.0744841   0.0906399  0.0859635    0.0374604    0.00239071  0.0567272\n",
       "  0.0327719   0.0320752  0.0906399    0.00277687  -0.0904332   0.078158\n",
       "  0.0873461   0.0564512  0.0398099    0.158508     0.0325748   0.0103913\n",
       "  0.0519371   0.078158   0.0567272    0.0325748    0.142663    0.0470305\n",
       " -0.0607357  -0.0904332  0.00239071  -0.0636669   -0.251684    0.142663\n",
       "\n",
       "[:, :, 1, 6] =\n",
       " 0.0686972  0.0248412   -0.0279048   0.0718423   0.00894688  -0.156429\n",
       " 0.061011   0.0688683    0.0176097   0.0490626   0.0518803   -0.100718\n",
       " 0.0549649  0.0626524    0.0688829   0.0333586   0.0313706   -0.0352354\n",
       " 0.0473275  0.00300057  -0.0411097   0.140412    0.00277687  -0.131566\n",
       " 0.0403404  0.0594149    0.00778541  0.0398099   0.15322     -0.0607357\n",
       " 0.0373901  0.0549012    0.0806222   0.00959326  0.037662     0.148315\n",
       "\n",
       "[:, :, 2, 6] =\n",
       " 0.133351   0.0883408  0.03429     0.111327   0.0518803  -0.100718\n",
       " 0.098077   0.117328   0.0473168   0.0718423  0.0882268  -0.114872\n",
       " 0.087673   0.106028   0.12111     0.0490626  0.0556998  -0.0213108\n",
       " 0.0963978  0.0473275  0.00300057  0.204558   0.0374604  -0.082359\n",
       " 0.0594149  0.0890312  0.0118994   0.0564512  0.229692   -0.0904332\n",
       " 0.0549012  0.0825199  0.121167    0.01328    0.0567272   0.223558\n",
       "\n",
       "[:, :, 3, 6] =\n",
       " 0.220704   0.169418   0.114585   0.165156   0.103528   -0.0352354\n",
       " 0.177759   0.223451   0.152929   0.111327   0.163476   -0.0213108\n",
       " 0.137436   0.168839   0.204666   0.0718423  0.0882268   0.00928841\n",
       " 0.156586   0.0963978  0.0473275  0.291912   0.0740811  -0.0425013\n",
       " 0.116021   0.173564   0.0890312  0.0873461  0.351048    0.00239071\n",
       " 0.0806222  0.121167   0.182121   0.0184697  0.078158    0.337033\n",
       "\n",
       "[:, :, 4, 6] =\n",
       " -0.00170208  -0.0268586    -0.058249    0.0184697   -0.0237531    -0.131566\n",
       "  0.00427382  -0.00170208   -0.0268586   0.01328     -0.000521023  -0.082359\n",
       "  0.00764969   0.00427382   -0.00170208  0.00959326   1.49924e-5   -0.0425013\n",
       " -0.0425013   -0.082359     -0.131566    0.0325748   -0.0636669    -0.242847\n",
       "  1.49924e-5  -0.000521023  -0.0237531   0.0103913    0.0325748    -0.0636669\n",
       "  0.00959326   0.01328       0.0184697   0.00342562   0.0103913     0.0325748\n",
       "\n",
       "[:, :, 5, 6] =\n",
       " 0.103127    0.0744841    0.0327719   0.0873461  0.0519371  -0.0607357\n",
       " 0.0744841   0.0906399    0.0320752   0.0564512  0.078158   -0.0904332\n",
       " 0.0688504   0.0859635    0.0906399   0.0398099  0.0567272   0.00239071\n",
       " 0.0740811   0.0374604    0.00277687  0.158508   0.0325748  -0.0636669\n",
       " 0.00129559  0.00239071  -0.0904332   0.0325748  0.142663   -0.251684\n",
       " 0.037662    0.0567272    0.078158    0.0103913  0.0470305   0.142663\n",
       "\n",
       "[:, :, 6, 6] =\n",
       " 0.425029  0.36614   0.312337  0.291912   0.234457  0.148315\n",
       " 0.36614   0.477303  0.406122  0.204558   0.351048  0.223558\n",
       " 0.312337  0.406122  0.527787  0.140412   0.229692  0.337033\n",
       " 0.291912  0.204558  0.140412  0.49597    0.158508  0.0325748\n",
       " 0.234457  0.351048  0.229692  0.158508   0.644459  0.142663\n",
       " 0.148315  0.223558  0.337033  0.0325748  0.142663  0.645685"
      ]
     },
     "execution_count": 133,
     "metadata": {},
     "output_type": "execute_result"
    }
   ],
   "source": [
    "# Assemble matrices\n",
    "\n",
    "one_body = Iterators.product(gaussians, gaussians)\n",
    "T = map(x->kinetic_integral(x), one_body)\n",
    "V = map(x->core_potential_integral(x, atoms), one_body)\n",
    "\n",
    "H = T + V\n",
    "\n",
    "two_body = Iterators.product(gaussians, gaussians, gaussians, gaussians)\n",
    "M0 = map(x->electron_electron_potential(x), two_body)\n",
    "M1 = map(x->exchange_integral(x), two_body)\n",
    "M = M0 - 1/2 * M1"
   ]
  },
  {
   "cell_type": "code",
   "execution_count": 109,
   "metadata": {},
   "outputs": [
    {
     "data": {
      "text/plain": [
       "6"
      ]
     },
     "execution_count": 109,
     "metadata": {},
     "output_type": "execute_result"
    }
   ],
   "source": [
    "+(1,2,3)"
   ]
  },
  {
   "cell_type": "code",
   "execution_count": 80,
   "metadata": {},
   "outputs": [
    {
     "name": "stdout",
     "output_type": "stream",
     "text": [
      "Core potential integrals\n",
      "-1.8292418533364327 -1.5693989053463677 -1.2530370193175042 -1.5757891780403996 -1.1687303705303052 -0.7470001465781908 \n",
      "-1.5693989053463677 -1.9414177711685445 -1.5693989053463677 -1.1065702118840823 -1.6959138130822509 -1.1065702118840826 \n",
      "-1.2530370193175042 -1.5693989053463677 -1.8292418533364327 -0.7470001465781908 -1.1687303705303052 -1.5757891780403996 \n",
      "-1.5757891780403996 -1.1065702118840823 -0.7470001465781908 -3.032522075213852 -0.8534150772364473 -0.2136887290079682 \n",
      "-1.1687303705303052 -1.6959138130822509 -1.1687303705303052 -0.8534150772364473 -3.23877701538122 -0.8534150772364473 \n",
      "-0.7470001465781908 -1.1065702118840826 -1.5757891780403996 -0.2136887290079682 -0.8534150772364473 -3.032522075213852 \n",
      "\n",
      "Kinetic integrals\n",
      "0.349704 0.23393201282889098 0.15118763172811203 0.35993729404619645 0.17835104024435547 0.07701784717108676 0.23393201282889098 0.349704 0.23393201282889098 0.17835104024435547 0.35993729404619645 0.17835104024435547 0.15118763172811203 0.23393201282889098 0.349704 0.07701784717108676 0.17835104024435547 0.35993729404619645 0.35993729404619645 0.17835104024435547 0.07701784717108676 1.9646355 0.06724796959940038 -0.10680209744878026 0.17835104024435547 0.35993729404619645 0.17835104024435547 0.06724796959940038 1.9646355 0.06724796959940038 0.07701784717108676 0.17835104024435547 0.35993729404619645 -0.10680209744878026 0.06724796959940038 1.9646355 \n",
      "Electron-electron integrals\n",
      "(11|11) 0.2724141949776925 \n",
      "(11|12) 0.2076660122650092 \n",
      "(11|13) 0.15849432715384712 \n",
      "(11|14) 0.2046662189987798 \n",
      "(11|15) 0.11732817393833021 \n",
      "(11|16) 0.06869721781469876 \n",
      "(11|21) 0.2076660122650092 \n",
      "(11|22) 0.29989435594845515 \n",
      "(11|23) 0.2302502208034503 \n",
      "(11|24) 0.12111030650224092 \n",
      "(11|25) 0.22345115382713282 \n",
      "(11|26) 0.1333508141785537 \n",
      "(11|31) 0.15849432715384712 \n",
      "(11|32) 0.2302502208034503 \n",
      "(11|33) 0.30677169596482834 \n",
      "(11|34) 0.06888293933181125 \n",
      "(11|35) 0.14145927217022042 \n",
      "(11|36) 0.22070441940539992 \n",
      "(11|41) 0.2046662189987798 \n",
      "(11|42) 0.12111030650224092 \n",
      "(11|43) 0.06888293933181125 \n",
      "(11|44) 0.5277869361864669 \n",
      "(11|45) 0.09063988845753643 \n",
      "(11|46) -0.0017020801604338345 \n",
      "(11|51) 0.11732817393833021 \n",
      "(11|52) 0.22345115382713282 \n",
      "(11|53) 0.14145927217022042 \n",
      "(11|54) 0.09063988845753643 \n",
      "(11|55) 0.4773031578784108 \n",
      "(11|56) 0.10312735850661758 \n",
      "(11|61) 0.06869721781469876 \n",
      "(11|62) 0.1333508141785537 \n",
      "(11|63) 0.22070441940539992 \n",
      "(11|64) -0.0017020801604338345 \n",
      "(11|65) 0.10312735850661758 \n",
      "(11|66) 0.4250290390673763 \n",
      "(12|11) 0.2076660122650092 \n",
      "(12|12) 0.1063959246579444 \n",
      "(12|13) 0.08028963257678357 \n",
      "(12|14) 0.16883871082012308 \n",
      "(12|15) 0.0473168195809785 \n",
      "(12|16) 0.024841154208780816 \n",
      "(12|21) 0.17089540175478132 \n",
      "(12|22) 0.2076660122650092 \n",
      "(12|23) 0.15849432715384712 \n",
      "(12|24) 0.1060282643296966 \n",
      "(12|25) 0.15292924271416236 \n",
      "(12|26) 0.08834076096637142 \n",
      "(12|31) 0.13027649531900581 \n",
      "(12|32) 0.15849432715384712 \n",
      "(12|33) 0.2302502208034503 \n",
      "(12|34) 0.06265244140028031 \n",
      "(12|35) 0.09023298138744548 \n",
      "(12|36) 0.16941833748330215 \n",
      "(12|41) 0.15292924271416236 \n",
      "(12|42) 0.0473168195809785 \n",
      "(12|43) 0.01760967275811097 \n",
      "(12|44) 0.4061221144604523 \n",
      "(12|45) 0.03207522248182412 \n",
      "(12|46) -0.0268586029801038 \n",
      "(12|51) 0.1060282643296966 \n",
      "(12|52) 0.16883871082012308 \n",
      "(12|53) 0.10240908194159641 \n",
      "(12|54) 0.08596352995410508 \n",
      "(12|55) 0.4061221144604523 \n",
      "(12|56) 0.07448407155809503 \n",
      "(12|61) 0.06101104086537178 \n",
      "(12|62) 0.0980769798205504 \n",
      "(12|63) 0.1777585168826437 \n",
      "(12|64) 0.004273815365348259 \n",
      "(12|65) 0.074484071558095 \n",
      "(12|66) 0.36614021817058306 \n",
      "(13|11) 0.15849432715384712 \n",
      "(13|12) 0.08028963257678357 \n",
      "(13|13) 0.007427568935817724 \n",
      "(13|14) 0.1374363040777154 \n",
      "(13|15) 0.04826956421333499 \n",
      "(13|16) -0.027904842871599278 \n",
      "(13|21) 0.13027649531900581 \n",
      "(13|22) 0.15849432715384712 \n",
      "(13|23) 0.08028963257678357 \n",
      "(13|24) 0.08767297959830504 \n",
      "(13|25) 0.12676128304989825 \n",
      "(13|26) 0.03429003155679412 \n",
      "(13|31) 0.10720894461215459 \n",
      "(13|32) 0.13027649531900581 \n",
      "(13|33) 0.15849432715384712 \n",
      "(13|34) 0.054964911220733784 \n",
      "(13|35) 0.07933280019896347 \n",
      "(13|36) 0.11458518249574734 \n",
      "(13|41) 0.11458518249574734 \n",
      "(13|42) 0.03429003155679412 \n",
      "(13|43) -0.027904842871599278 \n",
      "(13|44) 0.3123373570084109 \n",
      "(13|45) 0.032771882757526946 \n",
      "(13|46) -0.05824895448124952 \n",
      "(13|51) 0.07933280019896347 \n",
      "(13|52) 0.12676128304989825 \n",
      "(13|53) 0.04826956421333499 \n",
      "(13|54) 0.06885035254720134 \n",
      "(13|55) 0.312337357008411 \n",
      "(13|56) 0.032771882757526946 \n",
      "(13|61) 0.054964911220733784 \n",
      "(13|62) 0.08767297959830504 \n",
      "(13|63) 0.1374363040777154 \n",
      "(13|64) 0.0076496855623756875 \n",
      "(13|65) 0.06885035254720134 \n",
      "(13|66) 0.3123373570084109 \n",
      "(14|11) 0.2046662189987798 \n",
      "(14|12) 0.16883871082012308 \n",
      "(14|13) 0.1374363040777154 \n",
      "(14|14) 0.00928841461405161 \n",
      "(14|15) 0.08822679952647802 \n",
      "(14|16) 0.07184226237988832 \n",
      "(14|21) 0.15292924271416236 \n",
      "(14|22) 0.22345115382713282 \n",
      "(14|23) 0.1777585168826437 \n",
      "(14|24) -0.021310808809300696 \n",
      "(14|25) 0.16347642697316522 \n",
      "(14|26) 0.11132741500927662 \n",
      "(14|31) 0.11458518249574734 \n",
      "(14|32) 0.16941833748330215 \n",
      "(14|33) 0.22070441940539992 \n",
      "(14|34) -0.035235431037920095 \n",
      "(14|35) 0.10352758063967227 \n",
      "(14|36) 0.16515583727954514 \n",
      "(14|41) 0.18212125513819002 \n",
      "(14|42) 0.12116683228061698 \n",
      "(14|43) 0.08062216497752357 \n",
      "(14|44) 0.3370329724016277 \n",
      "(14|45) 0.07815797083460328 \n",
      "(14|46) 0.01846971278751953 \n",
      "(14|51) 0.08903116250349749 \n",
      "(14|52) 0.17356433294833248 \n",
      "(14|53) 0.11602081780196488 \n",
      "(14|54) 0.002390714434389374 \n",
      "(14|55) 0.3510480708592669 \n",
      "(14|56) 0.08734611366756585 \n",
      "(14|61) 0.047327481533114266 \n",
      "(14|62) 0.09639782735826855 \n",
      "(14|63) 0.15658621340290546 \n",
      "(14|64) -0.04250125420304204 \n",
      "(14|65) 0.07408112993562666 \n",
      "(14|66) 0.29191237173425166 \n",
      "(15|11) 0.11732817393833021 \n",
      "(15|12) 0.0473168195809785 \n",
      "(15|13) 0.04826956421333499 \n",
      "(15|14) 0.08822679952647802 \n",
      "(15|15) -0.11487178261176012 \n",
      "(15|16) 0.008946880884862077 \n",
      "(15|21) 0.1060282643296966 \n",
      "(15|22) 0.12111030650224092 \n",
      "(15|23) 0.10240908194159641 \n",
      "(15|24) 0.0556998120286033 \n",
      "(15|25) -0.021310808809300696 \n",
      "(15|26) 0.051880321667850574 \n",
      "(15|31) 0.07933280019896347 \n",
      "(15|32) 0.09023298138744548 \n",
      "(15|33) 0.14145927217022042 \n",
      "(15|34) 0.031370641060323494 \n",
      "(15|35) -0.035235431037920206 \n",
      "(15|36) 0.10352758063967227 \n",
      "(15|41) 0.08903116250349749 \n",
      "(15|42) 0.011899410531489601 \n",
      "(15|43) 0.007785408432941718 \n",
      "(15|44) 0.22969248363503109 \n",
      "(15|45) -0.09043317334235433 \n",
      "(15|46) -0.023753092679405553 \n",
      "(15|51) 0.08251986421829685 \n",
      "(15|52) 0.12116683228061698 \n",
      "(15|53) 0.08062216497752352 \n",
      "(15|54) 0.05672724139151942 \n",
      "(15|55) 0.2235580903474254 \n",
      "(15|56) 0.05193712860986933 \n",
      "(15|61) 0.040340373425447246 \n",
      "(15|62) 0.05941490496459869 \n",
      "(15|63) 0.11602081780196488 \n",
      "(15|64) 1.4992370979061836e-5 \n",
      "(15|65) 0.0012955862016344188 \n",
      "(15|66) 0.2344574094344284 \n",
      "(16|11) 0.06869721781469876 \n",
      "(16|12) 0.024841154208780816 \n",
      "(16|13) -0.027904842871599278 \n",
      "(16|14) 0.07184226237988832 \n",
      "(16|15) 0.008946880884862077 \n",
      "(16|16) -0.15642940207631711 \n",
      "(16|21) 0.06101104086537178 \n",
      "(16|22) 0.06886832325801345 \n",
      "(16|23) 0.01760967275811097 \n",
      "(16|24) 0.049062578318372504 \n",
      "(16|25) 0.05188032166785064 \n",
      "(16|26) -0.10071834948448985 \n",
      "(16|31) 0.054964911220733784 \n",
      "(16|32) 0.06265244140028031 \n",
      "(16|33) 0.06888293933181125 \n",
      "(16|34) 0.033358557192294726 \n",
      "(16|35) 0.031370641060323494 \n",
      "(16|36) -0.035235431037920095 \n",
      "(16|41) 0.047327481533114266 \n",
      "(16|42) 0.0030005723219123648 \n",
      "(16|43) -0.04110970672797016 \n",
      "(16|44) 0.14041164676864268 \n",
      "(16|45) 0.0027768747844728187 \n",
      "(16|46) -0.1315662907907967 \n",
      "(16|51) 0.040340373425447246 \n",
      "(16|52) 0.059414904964598794 \n",
      "(16|53) 0.007785408432941718 \n",
      "(16|54) 0.03980994356679662 \n",
      "(16|55) 0.15322021342633915 \n",
      "(16|56) -0.06073573742149725 \n",
      "(16|61) 0.03739007830491404 \n",
      "(16|62) 0.05490117306720113 \n",
      "(16|63) 0.08062216497752357 \n",
      "(16|64) 0.00959326338421943 \n",
      "(16|65) 0.037661978197144626 \n",
      "(16|66) 0.1483145091364076 \n",
      "(21|11) 0.2076660122650092 \n",
      "(21|12) 0.17089540175478132 \n",
      "(21|13) 0.13027649531900581 \n",
      "(21|14) 0.15292924271416236 \n",
      "(21|15) 0.1060282643296966 \n",
      "(21|16) 0.06101104086537178 \n",
      "(21|21) 0.1063959246579444 \n",
      "(21|22) 0.2076660122650092 \n",
      "(21|23) 0.15849432715384712 \n",
      "(21|24) 0.0473168195809785 \n",
      "(21|25) 0.16883871082012308 \n",
      "(21|26) 0.0980769798205504 \n",
      "(21|31) 0.08028963257678357 \n",
      "(21|32) 0.15849432715384712 \n",
      "(21|33) 0.2302502208034503 \n",
      "(21|34) 0.01760967275811097 \n",
      "(21|35) 0.10240908194159641 \n",
      "(21|36) 0.1777585168826437 \n",
      "(21|41) 0.16883871082012308 \n",
      "(21|42) 0.1060282643296966 \n",
      "(21|43) 0.06265244140028031 \n",
      "(21|44) 0.4061221144604523 \n",
      "(21|45) 0.08596352995410508 \n",
      "(21|46) 0.004273815365348259 \n",
      "(21|51) 0.0473168195809785 \n",
      "(21|52) 0.15292924271416236 \n",
      "(21|53) 0.09023298138744548 \n",
      "(21|54) 0.03207522248182412 \n",
      "(21|55) 0.4061221144604523 \n",
      "(21|56) 0.074484071558095 \n",
      "(21|61) 0.024841154208780816 \n",
      "(21|62) 0.08834076096637142 \n",
      "(21|63) 0.16941833748330215 \n",
      "(21|64) -0.0268586029801038 \n",
      "(21|65) 0.07448407155809503 \n",
      "(21|66) 0.36614021817058306 \n",
      "(22|11) 0.29989435594845515 \n",
      "(22|12) 0.2076660122650092 \n",
      "(22|13) 0.15849432715384712 \n",
      "(22|14) 0.22345115382713282 \n",
      "(22|15) 0.12111030650224092 \n",
      "(22|16) 0.06886832325801345 \n",
      "(22|21) 0.2076660122650092 \n",
      "(22|22) 0.2724141949776925 \n",
      "(22|23) 0.2076660122650092 \n",
      "(22|24) 0.11732817393833021 \n",
      "(22|25) 0.2046662189987798 \n",
      "(22|26) 0.11732817393833021 \n",
      "(22|31) 0.15849432715384712 \n",
      "(22|32) 0.2076660122650092 \n",
      "(22|33) 0.29989435594845515 \n",
      "(22|34) 0.06886832325801345 \n",
      "(22|35) 0.12111030650224092 \n",
      "(22|36) 0.22345115382713282 \n",
      "(22|41) 0.22345115382713282 \n",
      "(22|42) 0.11732817393833021 \n",
      "(22|43) 0.06886832325801345 \n",
      "(22|44) 0.4773031578784108 \n",
      "(22|45) 0.09063988845753643 \n",
      "(22|46) -0.0017020801604338137 \n",
      "(22|51) 0.12111030650224092 \n",
      "(22|52) 0.2046662189987798 \n",
      "(22|53) 0.12111030650224092 \n",
      "(22|54) 0.09063988845753643 \n",
      "(22|55) 0.5277869361864669 \n",
      "(22|56) 0.09063988845753643 \n",
      "(22|61) 0.06886832325801345 \n",
      "(22|62) 0.11732817393833021 \n",
      "(22|63) 0.22345115382713282 \n",
      "(22|64) -0.0017020801604338137 \n",
      "(22|65) 0.09063988845753643 \n",
      "(22|66) 0.4773031578784108 \n",
      "(23|11) 0.2302502208034503 \n",
      "(23|12) 0.15849432715384712 \n",
      "(23|13) 0.08028963257678357 \n",
      "(23|14) 0.1777585168826437 \n",
      "(23|15) 0.10240908194159641 \n",
      "(23|16) 0.01760967275811097 \n",
      "(23|21) 0.15849432715384712 \n",
      "(23|22) 0.2076660122650092 \n",
      "(23|23) 0.1063959246579444 \n",
      "(23|24) 0.0980769798205504 \n",
      "(23|25) 0.16883871082012308 \n",
      "(23|26) 0.0473168195809785 \n",
      "(23|31) 0.13027649531900581 \n",
      "(23|32) 0.17089540175478132 \n",
      "(23|33) 0.2076660122650092 \n",
      "(23|34) 0.06101104086537178 \n",
      "(23|35) 0.1060282643296966 \n",
      "(23|36) 0.15292924271416236 \n",
      "(23|41) 0.16941833748330215 \n",
      "(23|42) 0.08834076096637142 \n",
      "(23|43) 0.024841154208780816 \n",
      "(23|44) 0.36614021817058306 \n",
      "(23|45) 0.07448407155809503 \n",
